% number of repeats:% 3
% enter first, last, inc:% 48 480 48 
data = [
%  n          reference      |         current implementation 
%        time       GFLOPS   |    time       GFLOPS     diff 
   480 5.2279e-03 4.2308e+01    9.8133e-02 2.2539e+00 3.2685e-13
   432 2.4001e-03 6.7183e+01    7.1405e-02 2.2581e+00 2.8422e-13
   384 1.7159e-03 6.5999e+01    6.8757e-02 1.6471e+00 2.1316e-13
   336 1.2331e-03 6.1526e+01    3.4600e-02 2.1927e+00 1.7053e-13
   288 7.9495e-04 6.0099e+01    2.1998e-02 2.1719e+00 9.9476e-14
   240 4.2512e-04 6.5036e+01    1.1966e-02 2.3105e+00 5.6843e-14
   192 2.2685e-04 6.2401e+01    6.2244e-03 2.2742e+00 3.5527e-14
   144 9.8655e-05 6.0534e+01    2.4205e-03 2.4672e+00 2.8422e-14
    96 3.4851e-05 5.0772e+01    7.3047e-04 2.4224e+00 1.4211e-14
    48 7.1450e-06 3.0956e+01    7.9944e-05 2.7667e+00 7.1054e-15
];

% Maximum difference between reference and your implementation: 3.268497e-13.
