% number of repeats:% 3
% enter first, last, inc:% 48 480 48 
data = [
%  n          reference      |         current implementation 
%        time       GFLOPS   |    time       GFLOPS     diff 
   480 5.3210e-03 4.1568e+01    1.5616e-01 1.4164e+00 3.2685e-13
   432 2.6001e-03 6.2015e+01    9.6074e-02 1.6783e+00 2.8422e-13
   384 1.7093e-03 6.6254e+01    1.6842e-01 6.7238e-01 2.1316e-13
   336 1.4388e-03 5.2729e+01    5.0548e-02 1.5009e+00 1.7053e-13
   288 8.6657e-04 5.5132e+01    3.3361e-02 1.4321e+00 9.9476e-14
   240 4.8363e-04 5.7168e+01    1.4833e-02 1.8639e+00 5.6843e-14
   192 2.4765e-04 5.7160e+01    9.4724e-03 1.4944e+00 3.5527e-14
   144 1.1078e-04 5.3910e+01    2.1487e-03 2.7793e+00 2.8422e-14
    96 3.8310e-05 4.6188e+01    7.1355e-04 2.4798e+00 1.4211e-14
    48 7.8470e-06 2.8187e+01    5.2001e-05 4.2535e+00 7.1054e-15
];

% Maximum difference between reference and your implementation: 3.268497e-13.
