% number of repeats:% 3
% enter first, last, inc:% 48 480 48 
data = [
%  n          reference      |         current implementation 
%        time       GFLOPS   |    time       GFLOPS     diff 
   480 3.4111e-03 6.4843e+01    1.3406e-01 1.6498e+00 3.2685e-13
   432 2.4749e-03 6.5152e+01    9.2054e-02 1.7516e+00 2.8422e-13
   384 1.7127e-03 6.6122e+01    1.6990e-01 6.6655e-01 2.1316e-13
   336 1.2591e-03 6.0255e+01    4.3068e-02 1.7616e+00 1.7053e-13
   288 7.4499e-04 6.4129e+01    2.8192e-02 1.6947e+00 9.9476e-14
   240 4.2712e-04 6.4731e+01    1.2930e-02 2.1384e+00 5.6843e-14
   192 2.2505e-04 6.2902e+01    8.6001e-03 1.6460e+00 3.5527e-14
   144 1.0067e-04 5.9323e+01    1.9288e-03 3.0962e+00 2.8422e-14
    96 3.4710e-05 5.0979e+01    6.1904e-04 2.8584e+00 1.4211e-14
    48 7.1600e-06 3.0892e+01    4.8209e-05 4.5880e+00 7.1054e-15
];

% Maximum difference between reference and your implementation: 3.268497e-13.
