% number of repeats:% 3
% enter first, last, inc:% 48 480 48 
data = [
%  n          reference      |         current implementation 
%        time       GFLOPS   |    time       GFLOPS     diff 
   480 4.5728e-03 4.8369e+01    2.7395e-02 8.0740e+00 3.2685e-13
   432 3.3837e-03 4.7653e+01    1.5433e-02 1.0448e+01 2.8422e-13
   384 1.8564e-03 6.1002e+01    1.0879e-02 1.0410e+01 2.1316e-13
   336 1.2555e-03 6.0426e+01    7.3702e-03 1.0294e+01 1.7053e-13
   288 8.1090e-04 5.8917e+01    4.3649e-03 1.0945e+01 9.9476e-14
   240 4.3284e-04 6.3875e+01    2.5451e-03 1.0863e+01 5.6843e-14
   192 2.3453e-04 6.0358e+01    1.1489e-03 1.2321e+01 3.5527e-14
   144 1.0482e-04 5.6976e+01    3.8383e-04 1.5559e+01 2.8422e-14
    96 3.6152e-05 4.8945e+01    1.1231e-04 1.5755e+01 1.4211e-14
    48 7.4400e-06 2.9729e+01    1.5619e-05 1.4161e+01 7.1054e-15
];

% Maximum difference between reference and your implementation: 3.268497e-13.
