% number of repeats:% 3
% enter first, last, inc:% 48 480 48 
data = [
%  n          reference      |         current implementation 
%        time       GFLOPS   |    time       GFLOPS     diff 
   480 4.4644e-03 4.9544e+01    1.3576e-01 1.6293e+00 3.2685e-13
   432 2.4828e-03 6.4945e+01    9.2473e-02 1.7437e+00 2.8422e-13
   384 1.7596e-03 6.4359e+01    1.6753e-01 6.7597e-01 2.1316e-13
   336 1.1639e-03 6.5185e+01    4.3681e-02 1.7368e+00 1.7053e-13
   288 7.5146e-04 6.3577e+01    2.8781e-02 1.6600e+00 9.9476e-14
   240 4.2985e-04 6.4320e+01    1.3019e-02 2.1237e+00 5.6843e-14
   192 2.2500e-04 6.2915e+01    8.6218e-03 1.6419e+00 3.5527e-14
   144 1.0022e-04 5.9589e+01    1.9104e-03 3.1261e+00 2.8422e-14
    96 3.4709e-05 5.0980e+01    6.2180e-04 2.8457e+00 1.4211e-14
    48 7.1760e-06 3.0823e+01    4.8212e-05 4.5877e+00 7.1054e-15
];

% Maximum difference between reference and your implementation: 3.268497e-13.
