% number of repeats:% 3
% enter first, last, inc:% 48 480 48 
data = [
%  n          reference      |         current implementation 
%        time       GFLOPS   |    time       GFLOPS     diff 
   480 4.2879e-03 5.1584e+01    1.9693e-02 1.1232e+01 3.2685e-13
   432 2.6119e-03 6.1734e+01    1.4450e-02 1.1159e+01 2.8422e-13
   384 1.8724e-03 6.0481e+01    9.7508e-03 1.1614e+01 2.1316e-13
   336 1.1753e-03 6.4549e+01    6.4225e-03 1.1813e+01 1.7053e-13
   288 1.1436e-03 4.1778e+01    4.9878e-03 9.5785e+00 9.9476e-14
   240 5.1181e-04 5.4020e+01    2.2659e-03 1.2202e+01 5.6843e-14
   192 2.3187e-04 6.1050e+01    9.6964e-04 1.4599e+01 3.5527e-14
   144 1.0349e-04 5.7706e+01    3.9754e-04 1.5022e+01 2.8422e-14
    96 3.5833e-05 4.9381e+01    1.1828e-04 1.4960e+01 1.4211e-14
    48 7.4690e-06 2.9614e+01    2.1010e-05 1.0528e+01 7.1054e-15
];

% Maximum difference between reference and your implementation: 3.268497e-13.
