% number of repeats:% 3
% enter first, last, inc:% 48 480 48 
data = [
%  n          reference      |         current implementation 
%        time       GFLOPS   |    time       GFLOPS     diff 
   480 5.5329e-03 3.9976e+01    1.0261e-01 2.1556e+00 3.2685e-13
   432 2.5403e-03 6.3473e+01    7.0053e-02 2.3017e+00 2.8422e-13
   384 1.7436e-03 6.4948e+01    6.9516e-02 1.6291e+00 2.1316e-13
   336 1.1833e-03 6.4114e+01    3.2936e-02 2.3035e+00 1.7053e-13
   288 7.5894e-04 6.2951e+01    2.0677e-02 2.3106e+00 9.9476e-14
   240 4.3693e-04 6.3278e+01    1.1606e-02 2.3822e+00 5.6843e-14
   192 2.3122e-04 6.1221e+01    6.1487e-03 2.3022e+00 3.5527e-14
   144 1.0320e-04 5.7870e+01    2.4288e-03 2.4588e+00 2.8422e-14
    96 3.5681e-05 4.9591e+01    7.2061e-04 2.4555e+00 1.4211e-14
    48 7.2180e-06 3.0643e+01    8.0745e-05 2.7393e+00 7.1054e-15
];

% Maximum difference between reference and your implementation: 3.268497e-13.
