% number of repeats:% 3
% enter first, last, inc:% 48 480 48 
data = [
%  n          reference      |         current implementation 
%        time       GFLOPS   |    time       GFLOPS     diff 
   480 5.6503e-03 3.9146e+01    1.5088e-01 1.4660e+00 3.2685e-13
   432 2.5513e-03 6.3199e+01    1.0085e-01 1.5988e+00 2.8422e-13
   384 1.7867e-03 6.3381e+01    1.7979e-01 6.2987e-01 2.1316e-13
   336 1.1876e-03 6.3879e+01    4.6948e-02 1.6159e+00 1.7053e-13
   288 7.9328e-04 6.0226e+01    3.2254e-02 1.4812e+00 9.9476e-14
   240 4.5275e-04 6.1067e+01    1.4312e-02 1.9319e+00 5.6843e-14
   192 2.7690e-04 5.1122e+01    1.0190e-02 1.3892e+00 3.5527e-14
   144 1.0937e-04 5.4604e+01    2.0149e-03 2.9639e+00 2.8422e-14
    96 3.7906e-05 4.6680e+01    7.1092e-04 2.4890e+00 1.4211e-14
    48 7.8290e-06 2.8252e+01    5.4351e-05 4.0695e+00 7.1054e-15
];

% Maximum difference between reference and your implementation: 3.268497e-13.
