% number of repeats:% 3
% enter first, last, inc:% 48 480 48 
data = [
%  n          reference      |         current implementation 
%        time       GFLOPS   |    time       GFLOPS     diff 
   480 5.3265e-03 4.1525e+01    2.4869e-02 8.8940e+00 3.2685e-13
   432 2.7328e-03 5.9004e+01    1.6193e-02 9.9575e+00 2.8422e-13
   384 1.8750e-03 6.0398e+01    1.1525e-02 9.8265e+00 2.1316e-13
   336 1.2604e-03 6.0191e+01    7.3158e-03 1.0370e+01 1.7053e-13
   288 7.7636e-04 6.1538e+01    4.4843e-03 1.0654e+01 9.9476e-14
   240 4.8256e-04 5.7295e+01    2.6566e-03 1.0407e+01 5.6843e-14
   192 2.3965e-04 5.9069e+01    1.1598e-03 1.2205e+01 3.5527e-14
   144 1.0591e-04 5.6385e+01    4.0494e-04 1.4748e+01 2.8422e-14
    96 3.6594e-05 4.8354e+01    1.2372e-04 1.4302e+01 1.4211e-14
    48 7.5090e-06 2.9456e+01    1.9020e-05 1.1629e+01 7.1054e-15
];

% Maximum difference between reference and your implementation: 3.268497e-13.
